=== With Threads ===
avg_lapse: 300.0
avg_hourly: {6: 19.145833333333332, 7: 18.893333333333334, 8: 17.451666666666668, 9: 16.438333333333333, 10: 17.3225, 11: 17.245, 12: 16.394166666666667, 13: 17.061666666666667, 14: 16.925}
spike: 2.985074626865675
deviation: 1.0301335159124088
Execution Time: 0.0026 seconds

=== Without Threads ===
avg_lapse: 300.0
avg_hourly: {6: 19.145833333333332, 7: 18.893333333333334, 8: 17.451666666666668, 9: 16.438333333333333, 10: 17.3225, 11: 17.245, 12: 16.394166666666667, 13: 17.061666666666667, 14: 16.925}
spike: 2.985074626865675
deviation: 1.0301335159124088
Execution Time: 0.0007 seconds
